  83
 102
 116
 217
 174
  12
   5
 127
 248
  81
 203
  31
 218
  87
 128
  30
 167
 238
 117
 176
  68
 214
 208
  27
  38
 158
  49
   2
 135
  37
 187
 216
 155
 205
  60
 132
 124
   5
 184
 227
 201
 184
  11
  98
 255
 123
 243
  88
  84
  20
 232
 236
  94
 242
 133
  46
 227
 224
 211
 255
 178
 126
  31
 197
 159
  18
 150
 247
  36
  89
 186
  10
   6
  81
 132
 243
  68
 218
  73
  14
  51
  89
  94
  39
 230
 193
  28
 156
 117
  87
 163
  13
 203
  70
 212
 125
 201
 106
  28
  57
  50
 136
 220
  18
 195
 187
  20
   3
 149
  90
   3
 162
 158
 225
 240
  57
 114
 254
  63
  64
  88
  50
  54
  78
  25
 148
 161
 144
 252
 120
 156
  73
 244
  77
 194
 142
  96
 124
 210
 182
  26
  61
  41
 219
 234
 226
   3
  15
  17
  54
 187
 229
 137
 244
 188
